              CR       ADR       STD        SR
0.0000  1.385300  0.001782  0.010597  2.669575
0.0025 -0.012312  0.000095  0.015438  0.097183
0.0050  0.028860  0.000174  0.015344  0.180140
0.0075 -0.012336  0.000095  0.015467  0.097410
0.0100 -0.012348  0.000095  0.015482  0.097524              CR       ADR       STD        SR
0.0000  0.546700  0.000950  0.013023  1.158495
0.0025  0.318435  0.000636  0.013202  0.764432
0.0050 -0.012324  0.000095  0.015453  0.097297
0.0075  0.014124  0.000146  0.015384  0.150750
0.0100 -0.012348  0.000095  0.015482  0.097524              CR       ADR       STD        SR
0.0000  1.385300  0.001782  0.010597  2.669575
0.0025 -0.012312  0.000095  0.015438  0.097183
0.0050  0.028860  0.000174  0.015344  0.180140
0.0075 -0.012336  0.000095  0.015467  0.097410
0.0100 -0.012348  0.000095  0.015482  0.097524              CR       ADR       STD        SR
0.0000  1.385300  0.001782  0.010597  2.669575
0.0025 -0.012312  0.000095  0.015438  0.097183
0.0050  0.028860  0.000174  0.015344  0.180140
0.0075 -0.012336  0.000095  0.015467  0.097410
0.0100 -0.012348  0.000095  0.015482  0.097524              CR       ADR       STD        SR
0.0000  0.670700  0.001106  0.013254  1.325141
0.0025 -0.012312  0.000095  0.015438  0.097183
0.0050  0.373667  0.000720  0.013433  0.851085
0.0075  0.297972  0.000611  0.013654  0.710059
0.0100 -0.012422  0.000094  0.015387  0.096565              CR       ADR       STD        SR
0.0000  0.546700  0.000950  0.013023  1.158495
0.0025  0.318435  0.000636  0.013202  0.764432
0.0050 -0.012324  0.000095  0.015453  0.097297
0.0075  0.014124  0.000146  0.015384  0.150750
0.0100 -0.012348  0.000095  0.015482  0.097524              CR       ADR       STD        SR
0.0000  1.385300  0.001782  0.010597  2.669575
0.0025 -0.012312  0.000095  0.015438  0.097183
0.0050  0.028860  0.000174  0.015344  0.180140
0.0075 -0.012336  0.000095  0.015467  0.097410
0.0100 -0.012348  0.000095  0.015482  0.097524              CR       ADR       STD        SR
0.0000  1.385300  0.001782  0.010597  2.669575
0.0025 -0.012312  0.000095  0.015438  0.097183
0.0050  0.028860  0.000174  0.015344  0.180140
0.0075 -0.012336  0.000095  0.015467  0.097410
0.0100 -0.012348  0.000095  0.015482  0.097524              CR       ADR       STD        SR
0.0025  0.318435  0.000636  0.013202  0.764432
0.0050 -0.012324  0.000095  0.015453  0.097297
0.0075  0.014124  0.000146  0.015384  0.150750
0.0100 -0.012348  0.000095  0.015482  0.097524
0.0500 -0.012541  0.000098  0.015717  0.099372